	V1	V2	V3	V4	V5	V6	V7	V8	V9	V10	V11	V12	V13	V14	V15	V16	V17	V18	V19	V20	V21	V22	V23	V24	V25	V26	V27	V28	V29	V30	V31	V32	V33	V34	V35	V36	V37	V38	V39	V40	V41	V42	V43	V44	V45	V46	V47	V48	V49	V50	group	group1	group2
T.T1CK.1	0.003651219	-0.211168883	0.065287616	-0.17657195	-0.083480251	0.109136095	0.107278592	0.035628211	-0.014016771	0.029438751	-0.013384979	-0.031144468	0.024414065	-0.0119209	0.003799812	0.017971269	0.005548922	0.013985062	0.00255006	-0.021268773	0.018917158	0.004302192	0.029857789	-0.006296686	-0.000750555	0.00421045	0.016465053	-0.009392699	0.010266637	-0.018389111	0.027412757	-0.002108286	-0.012698951	-0.009521924	-0.021397009	0.013976121	-0.01797675	0.02495184	-0.002333795	-0.001499597	0.003220907	0.025861792	0.01447875	-0.013892247	0.013244415	0.009860355	-0.011415842	-0.001471066	0.007120868	-0.000509999	T1CK	T1	CK
T.T1CK.2	-0.0173757	-0.227057102	0.093877946	-0.183550564	-0.057127069	0.110299059	0.095594463	0.030753761	-0.014584396	0.015504887	-0.014450644	-0.0190992	-0.000616968	-0.01458272	0.001129242	-0.008923375	0.025262501	-0.009059925	-0.006918578	0.019888044	-0.016108513	0.005347511	-0.00647301	-0.000263799	-0.003165002	-0.002254381	-0.003752949	0.012490684	-0.017030564	-0.00450406	-0.016776457	0.011032876	-0.038847331	0.00067891	0.011018474	-0.003465588	0.001983904	-0.039207337	0.009345984	0.011899993	0.003411299	-0.012632323	-0.023850777	0.005406712	0.013088289	-0.020071184	0.007956738	0.004415729	0.000691955	0.001291908	T1CK	T1	CK
T.T1CK.3	-0.002602188	-0.22088328	0.095502277	-0.19727905	-0.050859655	0.124779144	0.082997638	0.052306779	-0.016444914	-0.000685337	0.015821115	0.012955128	-0.002580878	0.012122061	0.017598442	-0.014810508	-0.009706153	-0.017455815	0.007051939	-0.019099983	-0.016799585	-0.004466881	-0.023622195	0.007470635	-0.003647911	0.004055536	-0.005431575	-0.007517655	0.006428373	0.018254908	-0.014369043	-0.013774848	0.044235373	0.013370501	0.007967829	-0.010513593	0.009458672	0.016034888	-0.006592346	-0.010027111	-0.003251937	-0.015184536	0.011136561	0.004523691	-0.030030709	0.00113729	0.004774297	-0.005432859	-0.007710959	-0.001650931	T1CK	T1	CK
T.T1CK.4	0.105248041	-0.083454665	0.051413884	-0.338016389	0.094437266	-0.381449219	-0.011792729	-0.000952272	-0.029983812	-0.008736452	-0.005070851	-0.002206861	0.003422161	0.000629761	-0.003264526	0.008228478	0.001302307	0.002433731	-0.000201933	0.0033025	0.003958736	5.93E-05	0.001342408	0.003484729	-0.004847397	-0.004013034	0.001224532	-0.000372934	0.003312502	0.000522205	-0.000157596	2.39E-05	-0.000560391	0.001559597	-0.000857922	0.000998608	8.18E-05	0.000653413	-0.000262495	6.50E-05	-0.000237619	-7.83E-05	0.000252592	-0.000332831	-0.001175135	0.000293921	0.000762189	-0.000201812	-0.000131537	0.000279384	T1CK	T1	CK
T.T2CK.1	0.081556122	-0.271772073	-0.076026382	0.008387386	-0.081296686	0.018538045	-0.099436354	0.026170342	-0.03573295	-0.048219762	0.027458475	0.021441799	-0.040985478	0.069891911	0.032143576	0.036935464	-0.012587046	0.004627282	-0.031368691	0.025747915	-0.001219354	0.009037777	0.009089293	-0.002252827	0.018297296	0.002661711	0.000568894	0.024191289	-0.000370576	-0.009968584	0.009941823	-0.013088463	-0.003192364	0.007651933	0.010715389	0.033582934	-0.006992485	-0.007169336	-0.009142075	-0.016417862	-0.003466985	0.000685589	-0.007307585	0.013450871	0.003174155	0.018868775	-0.003387146	0.011868116	-0.004760584	0.001197068	T2CK	T2	CK
T.T2CK.2	0.159837297	-0.218152135	-0.1372746	0.031879409	-0.125591784	-0.034456529	-0.103821987	-0.027113823	0.076783697	0.013166428	0.003075671	-0.009431351	0.042324958	-0.002306254	-0.018698614	-0.023357178	0.024294973	-0.027988397	0.015463719	-0.002996114	-0.027291763	-0.022731386	0.014828634	0.009245721	-0.009186231	-0.010518165	-0.004642001	0.007857382	-0.004113013	-0.014156335	0.002422	-0.009183359	-0.003136229	-0.014186996	-0.011631592	0.018401184	0.022830871	0.037485568	-0.010271223	-0.001631038	-0.003653211	-0.009375305	7.75E-05	-0.002390492	-0.005638581	-0.024111652	0.008237569	0.008408895	0.003134265	-0.001262169	T2CK	T2	CK
T.T2CK.3	0.13094599	-0.195829871	-0.110245977	0.002121767	-0.095093279	-0.017375977	-0.116393026	-0.029709869	0.056189103	0.059117999	0.016197774	0.010229886	0.010217754	-0.024749396	0.006933495	-0.031051803	-0.014376785	0.000635144	0.050576323	-0.03133893	0.008429243	0.024526778	-0.048708261	-0.038885884	-0.019298738	-0.002548181	0.00432004	-0.024145809	0.024598272	-0.018100949	-0.012419853	-0.00156087	-0.005618331	0.00203137	0.006238764	0.00530455	-0.025272783	-0.017631395	0.009246893	0.017841516	-0.008330218	0.000229647	-0.005378118	0.004539322	0.003787994	0.010741353	-0.005437516	-0.005498377	-0.004086815	0.000521903	T2CK	T2	CK
T.T2CK.4	0.118450793	-0.247251462	-0.121988075	0.016342819	-0.133451981	-0.02754107	-0.087395473	-0.010559214	0.044711923	0.012206518	-0.010649587	-0.029339565	0.028958442	-0.000388978	0.010605602	0.000180855	-0.006387023	0.02601026	-0.020546621	0.006317489	-0.003674775	-0.021494368	0.01060943	0.019886995	0.024797155	0.016871772	-0.007053779	0.00884633	-0.01478026	0.03650798	0.014151053	0.024385132	0.023141859	0.004362618	0.004418868	-0.045946072	0.010099364	-0.025217627	0.013453824	-0.008444203	0.015874308	0.012892594	0.009479465	-0.003475252	0.005768748	0.002347155	-0.006245261	-0.003871271	0.00338249	0.000468571	T2CK	T2	CK
T.T2B.1	0.389411515	0.051084306	0.051660458	0.01156647	0.006275487	-0.008928089	0.088219515	-0.042523489	0.042323791	0.023245975	0.028156669	0.099779438	0.00026804	0.035413767	-0.04944689	0.061698866	-0.01007794	-0.039626851	0.045880386	-0.043878392	-0.017431058	0.002072086	0.006841546	-0.002720924	0.020682539	0.03864455	-0.002857299	0.001031881	-0.026520273	0.008289582	-0.012572152	-0.002064586	0.002051572	-0.0042286	-0.007243861	-0.002409348	0.001505543	-0.006220004	0.006143063	-0.003329171	0.003126772	-0.002478522	-0.002411577	0.000926074	0.010193064	0.008000929	0.005299313	0.003632945	0.004187437	0.001282947	T2B	T2	B
T.T2B.2	0.379190204	0.079631535	0.098670868	-0.073280447	0.083887512	0.063719636	-0.049016648	-0.064337822	0.062410731	0.066927126	0.070808776	0.074456582	-0.046871955	-0.001554713	0.037209945	0.0065536	0.000531505	0.025308634	-0.021841702	0.014031257	0.015246621	0.009383017	0.045932208	0.026182648	-0.016592855	-0.009764242	-0.006699102	-0.007758323	0.005799118	0.00035747	0.006017895	0.00641242	-0.015252063	0.003112657	0.00039627	-0.00876563	-0.007981512	-0.000195052	0.001498121	0.002932187	-0.000515069	0.004470855	0.011991099	0.001020977	-0.003477946	-0.018177381	-0.010166853	0.000151136	-0.006735001	-0.003267049	T2B	T2	B
T.T2B.3	0.384009059	0.058488943	0.02309835	0.00912312	-0.025617516	-0.012346133	0.093050163	-0.025448603	0.078814679	-0.030451928	0.118841663	-0.030852358	-0.017092905	-0.005354875	-0.004566316	-0.024238531	-0.0203413	0.008102899	-0.012827083	0.024824672	0.002163438	-0.01618668	-0.019715988	0.004353677	-0.007442438	-0.019541948	0.003883637	0.011447145	0.000861014	-0.001338925	-0.001326409	-0.005077454	0.006273373	0.006725531	0.006240359	0.002927391	0.005745642	0.012298216	0.000178275	-0.011907024	-0.004196067	-0.001557946	-0.019584847	-0.001968999	-0.000277803	0.01604331	-0.000329299	-0.008495578	0.007364092	0.002916585	T2B	T2	B
T.T2B.4	0.363133207	0.094140848	0.117657624	-0.086847252	0.103588757	0.088992112	-0.116607336	-0.013206754	-0.008354211	0.023135682	-0.043415437	-0.004291632	0.015461679	0.019132804	-0.021524365	-0.014976668	-0.023806964	0.000679918	-0.028078573	0.018997766	0.008954407	0.000741031	-0.057976447	-0.006986407	0.01893152	0.019668409	0.015055629	-0.000156374	0.006220687	0.0147599	0.01375163	-0.002207526	-0.011176787	-0.019068353	-0.001479557	-0.001286704	0.00312959	-0.001455993	-0.011411666	0.007149715	0.000332992	-0.003692263	0.013957016	-0.007660385	0.00280154	0.011399326	0.015878777	0.00403364	0.004470744	-0.005761386	T2B	T2	B
T.T2J.1	0.432106827	0.126492364	0.005310689	0.05644519	-0.053580195	-0.017428275	0.042966171	0.036934865	0.023353582	-0.072594346	0.03849692	-0.08273953	0.053604789	0.017758843	-0.041399023	0.021277582	-0.019966415	-0.018130117	-0.003913625	0.018292023	0.011328081	0.025944649	0.022918688	-0.011946929	0.001595053	0.006693001	-0.004216078	-0.006458801	0.004110307	0.006082084	7.85E-06	-0.001539946	-0.008241838	-0.003877037	-0.001380053	-0.000174697	-0.011703099	-0.003399364	0.005658907	0.021526605	0.001319314	0.011105048	0.027246253	0.006324858	-0.002278491	-0.006713592	0.010771253	0.00048686	-0.011650658	0.002789229	T2J	T2	J
T.T2J.2	0.444389475	0.132972389	0.052129825	0.009460391	0.020302931	0.028859776	-0.013509839	0.002655474	0.012892673	-0.004914062	-0.050320179	-0.019728931	0.032153997	0.026051997	-0.043397411	0.015032416	0.065958605	-0.011965956	-0.003545073	0.01244544	-0.024838675	-0.035722815	0.007228557	0.00844023	-0.00093793	-0.04131887	0.010506577	0.014138701	0.005373464	0.007701473	-0.000882747	-0.00782248	-0.010079024	0.012128155	0.01914221	0.011006555	-0.001690007	-0.005573272	0.001254023	0.000851752	-0.008548057	0.005402382	-0.017526368	-0.001840969	0.001713413	0.009758064	-0.009794706	-0.010896569	-0.003307798	-0.00434678	T2J	T2	J
T.T2J.3	0.43361813	0.14445211	0.117165713	-0.072015435	0.103148586	0.100118103	-0.153845532	0.032259355	-0.044035863	-0.008265806	-0.071742896	-0.024689013	0.018558887	-0.010460589	-0.009821839	0.008643016	-0.021483989	-0.01484233	0.022115064	-0.01787691	0.004655064	0.005447874	0.020768961	-0.000272782	-0.003696792	-0.001163503	-0.002814671	-0.013223308	-0.004148965	-0.01530608	-0.00701484	0.00660467	0.027062365	0.009771836	-0.002553185	-0.008568689	0.003922674	0.010324256	0.003657331	-0.013791902	0.001154379	-0.00199299	-0.017447308	0.008926844	0.001919441	-0.006686584	-0.012680616	0.002143532	0.00100387	0.006759099	T2J	T2	J
T.T2J.4	0.476296775	0.171801987	0.064000262	-0.018026585	0.045281315	0.02149794	0.008430856	-0.000849923	0.013696865	-0.042698391	0.032514322	-0.046292969	-0.049060123	-0.05309774	0.055342525	-0.041292731	0.022046265	0.045741278	8.84E-05	-0.015915292	-0.00667722	0.001379284	-0.012464368	-0.023061066	0.000705904	0.006486446	-0.014061192	0.01337542	-0.009358783	-0.006266083	0.000164097	-0.001554493	0.007893399	-0.013766583	-0.011844467	0.004009322	0.009774745	-0.002265295	8.07E-05	-0.001229754	0.009261253	-0.004537612	0.001536203	0.001447981	0.004649881	0.001764561	0.005319945	0.007968451	0.002098811	0.001633688	T2J	T2	J
T.T2ML.1	0.354013741	-0.061874717	-0.045831104	0.126732563	-0.033816947	-0.044471768	0.072318992	0.019662138	-0.090755257	0.010414203	-0.03716456	0.044629183	-0.005914703	-0.017022315	0.019331044	0.019254866	0.019107112	0.025811548	0.000896485	-0.008884847	-0.004030168	-0.016535467	-0.023449054	-0.017683095	-0.013905985	0.004724448	-0.035538487	0.008081821	0.011048476	-0.016152277	0.012727904	-0.001185013	-0.012458874	-0.01391686	0.026780315	-0.018154027	0.031663504	0.023622371	0.004191394	0.007069733	-0.00266219	-2.35E-05	0.01428234	0.018737372	0.018949061	0.001467087	-0.003220734	-0.004325615	-0.003261456	-0.000195278	T2ML	T2	ML
T.T2ML.2	0.375497494	-0.051997138	-0.05276101	0.118187947	-0.027567538	-0.032518031	0.013392958	-0.001775801	-0.057754738	0.025803464	-0.052812804	0.034533678	-0.015643259	-0.007683556	0.034270892	-0.01494015	0.046309554	0.015388805	-0.005983795	0.017828752	-0.02410803	0.01155544	0.041487182	-0.021662855	-0.007582806	-0.014549932	0.017173185	-0.02527608	-0.012130203	0.010621837	-0.015126182	-0.006194177	0.003410287	0.02225308	0.002398561	0.000832266	-0.02445103	-0.00480783	0.001246038	0.00679725	-0.00408226	0.002140522	0.012643319	-0.005897194	-0.023518632	0.006818735	0.017103292	-0.000178038	0.008381169	0.002035365	T2ML	T2	ML
T.T2ML.3	0.386284789	-0.046483982	-0.060293978	0.142198603	-0.042220798	-0.064328824	0.092689617	0.013815432	-0.062439621	-0.017899286	0.009036803	-0.027615384	-0.003057042	-0.00753036	-0.014784133	-0.018992997	-0.045829739	-0.02193134	-0.005143439	0.015493492	0.020439869	0.02597566	-0.003047554	-0.001710881	-0.00540645	0.012094357	0.016764651	-0.033913354	0.000480026	-0.001136885	-0.009353958	0.014229317	0.00384783	0.010347197	0.003320508	-0.013306713	-0.00602385	-0.00032493	-0.011449041	-0.015010695	-0.005811217	-0.007273085	-0.016384146	0.002329753	-0.000720278	-0.011787557	-0.014867142	0.008614894	0.003440978	-0.007489091	T2ML	T2	ML
T.T2ML.4	0.379604842	-0.014350089	-0.057751238	0.123615629	-0.006889032	-0.037415755	0.05400225	0.008775156	-0.058265792	0.03202522	-0.033114692	0.014898835	-0.005209904	0.006431412	0.028496012	-0.014966311	-0.017764372	-0.016843177	0.006036444	-0.024862095	0.026747498	-0.014722133	-0.028605178	0.05347663	0.01293707	0.000386526	0.00200093	0.03449511	0.017215399	-0.002187326	0.013720628	0.002975172	0.00162378	-0.008902232	-0.030090504	0.027400907	-0.004956998	-0.022155542	-0.005495731	0.001928738	0.010044155	0.000108202	-0.004114922	-0.024488132	-0.012901374	-0.011851106	-0.001039415	-0.006211565	-0.003755877	0.002736409	T2ML	T2	ML
T.T3CK.1	-0.096964359	-0.153537283	-0.125177744	0.000262449	0.013466737	0.045644942	-0.03848269	-0.07628359	-0.052743648	-0.023910944	0.00571563	1.45E-05	-0.005703863	-0.012920179	-0.048799574	0.024201706	-0.002117616	0.039654139	-0.03160697	-0.028814024	0.051262218	0.051639363	0.005327502	0.005397887	-0.017731539	-0.026316492	0.004418876	-0.003463766	-0.030437326	0.020030914	-0.020132155	-0.019062274	-0.009105306	0.000139498	-0.011308623	-0.003532828	0.022303816	0.007977368	-0.018301693	0.00179315	0.002392441	-0.008779385	-0.008491412	-0.010432875	0.007720032	0.001281771	0.00606753	-0.008527172	-0.001660182	0.001238229	T3CK	T3	CK
T.T3CK.2	-0.163509267	-0.124821756	-0.071357828	0.010255704	0.113840829	0.040352567	-0.000632841	-0.062761299	-0.021898058	-0.046295451	0.015658796	-0.006062695	-0.027426697	0.002568831	-0.055875055	-0.019819676	0.043001821	-0.050994333	0.008122757	0.009069199	0.018710594	-0.010427364	-0.000628558	-0.00868972	-0.028406447	-0.00457561	-0.022204411	0.012260103	0.022749729	-0.036040738	0.003525523	-0.002846235	-0.010206433	-0.004666459	0.00189668	-0.027311639	-0.008063843	-0.017908727	0.002361243	-0.028574796	0.021640721	-0.000863905	0.020267343	-0.007289226	-0.01385662	0.006677464	-0.001619729	0.003308038	0.001591582	0.000619984	T3CK	T3	CK
T.T3CK.3	-0.152089798	-0.14204969	-0.064761552	0.005991441	0.087902492	0.056573631	-0.007593952	-0.034305696	-0.047566337	-0.058268121	0.027831029	-0.004806637	-0.035572306	0.000471704	-0.038537123	0.020476807	-0.004551123	0.028396895	0.024888184	0.006576898	-0.00254489	-0.037360755	-0.009570227	0.042713839	-0.015493409	-0.002629534	0.001343437	-0.003701837	0.024965369	0.013359416	-0.001699126	0.038509308	0.013603285	0.014132346	-0.010342375	0.007776833	-0.00625538	0.011487816	0.014768765	0.044785361	-0.010919143	0.000407396	-0.000541497	0.012052448	-0.001751216	0.002003005	0.001144485	0.006066646	0.004244666	0.000149253	T3CK	T3	CK
T.T3CK.4	-0.15176871	-0.105294654	-0.089939421	0.014650753	0.113095101	0.00858471	-0.017442417	-0.050290584	-0.039847351	-0.020878608	0.023074733	-0.03749806	-0.067494509	-0.034422121	-0.004024992	-0.020149397	0.03369211	-0.02022742	0.027659584	0.002335088	-0.039728988	0.002989544	0.010039738	-0.027318788	0.047037715	0.037945224	0.023895872	0.000566281	-0.023319255	0.012534481	0.002386704	0.007447686	0.006173873	-0.015164837	-0.001850777	0.014107193	-0.002744559	0.008365646	-0.002642941	-0.00502166	-0.002756745	0.020167479	-0.005965116	0.000776642	0.003395765	-0.007327634	-0.00297908	-0.009281244	-0.006558365	-0.001942357	T3CK	T3	CK
T.T3B.1	-0.119002773	0.085837738	-0.144078514	-0.03215514	0.042881533	0.026578459	-0.055495864	0.089118224	-0.011015149	-0.067933647	0.034033187	0.03050459	-0.013780424	0.057924481	0.014924267	-0.004270687	-0.026035433	2.39E-05	0.010327367	-0.012287943	-0.009954284	0.033865775	0.005084342	-0.006774928	0.021473359	-0.011563927	-0.001802206	-0.004276778	0.021483625	-0.010876836	0.021176665	0.008566627	-0.016250176	0.000139263	0.014120412	-0.003646251	0.00235152	0.003900076	0.025661007	-0.0102329	-0.008862687	-0.00554465	0.000510541	-0.007766124	0.002544196	-0.018913961	0.009732203	-0.013218319	0.008072441	-0.000690631	T3B	T3	B
T.T3B.2	-0.112620335	0.138443446	-0.172896441	-0.055354678	-0.021853635	0.017742963	-0.006036428	0.026017723	0.017598289	-0.024847903	-0.0367729	0.012653703	-0.000147925	-0.058789111	0.027684359	0.007655057	-0.020760275	-0.035439728	0.003928873	0.0107136	0.014462224	0.004919514	0.011368346	0.049228522	-0.025705532	0.000515828	-0.02873903	-0.000251306	-0.033244289	-0.023766666	0.007039266	-0.008750633	0.011447665	-0.01337369	-0.009433798	-0.005501427	-0.009789862	-0.00578288	0.00719271	-0.002442392	-0.013411959	0.024543004	-0.014613109	0.016898126	-0.000650585	0.01323972	0.015729154	-0.002601884	-0.000962145	-0.004116973	T3B	T3	B
T.T3B.3	-0.127543513	0.128301147	-0.157828441	-0.036078656	0.006237547	0.013185308	-0.001885454	0.034775567	0.024123786	0.026262566	-0.003704711	-0.009708399	-0.031100536	-0.046487531	0.018260132	0.06969849	-0.002117409	-0.032095089	0.009898483	0.013484799	0.04282725	-0.010289753	-0.031428379	-0.03208616	0.003115714	-0.013272217	0.019212518	0.037875642	-0.018246475	0.01730717	-0.003699891	-0.015254567	-0.000245697	0.010849	0.026002332	-0.007863937	0.000256585	0.00955356	0.010034841	0.010086024	-0.015077178	0.0070856	0.00841281	-0.01926696	-0.013041291	-0.009841478	-0.008537146	0.007768764	0.002256989	0.000905278	T3B	T3	B
T.T3B.4	-0.118050514	0.12694311	-0.168770935	-0.042302967	-0.002133164	-0.001226926	0.008067177	0.030286855	0.032123005	0.007482709	-0.024375717	-0.033479477	-0.027527313	-0.011252486	-0.011725134	-0.009885265	-0.011802157	0.006095854	-0.005398862	-0.020993273	0.013381224	-0.02508025	0.046144139	0.00110164	0.037472047	0.020318665	-0.020940099	0.00142877	0.001147088	-0.01053406	-0.006480476	-0.024933511	-0.007227255	0.000149502	-0.003380923	0.005342558	-0.002401092	-0.016029459	-0.016425802	0.021350587	-0.005280963	-0.045045861	0.013320954	0.012782202	-0.004014246	0.007458298	-0.01172425	-0.004872886	0.003836505	-0.001508151	T3B	T3	B
T.T3J.1	-0.131404745	0.137601436	-0.119295788	-0.042167424	-0.019411459	0.011638915	0.012792271	0.018017567	0.045287317	-0.036858121	-0.036275934	0.037763142	0.009222071	-0.014844149	0.001245106	0.020293346	-0.011960088	0.012356929	0.000405031	0.024761794	-0.038440298	0.023761895	-0.013514106	-0.010482833	-0.012011734	0.022120355	-0.011622522	-0.004288775	0.016543326	0.015866129	0.009842835	0.01761186	-0.034262025	1.22E-05	-0.002633215	-0.004041229	0.004489048	0.011093564	-0.03469807	0.010376907	0.033746454	0.010854656	-0.018230641	0.004735418	-0.027556823	0.003097473	-0.008120364	-0.001755192	0.000580977	0.001926868	T3J	T3	J
T.T3J.2	-0.1220331	0.13359703	-0.130077942	-0.042518462	-0.016441317	0.011916047	0.015673568	-0.002653306	0.042690835	-0.010646744	-0.030929079	0.018411624	-0.000384473	-0.001818855	0.022731391	0.009194583	0.025646791	-0.029491156	-0.04602622	0.024662676	0.005685202	-0.006441576	-0.012218147	0.000698897	-0.017778235	0.024957904	0.000710185	-0.014662548	0.02502303	0.000238212	-0.048452062	0.038872326	0.017482583	0.008576768	-0.00256003	0.02363171	0.00343549	-0.000664096	-0.016360242	-0.016199765	-0.011470464	-0.001269191	0.017839312	-0.007839693	0.028624437	-0.003086125	0.001259017	-0.004210963	9.01E-05	0.001946167	T3J	T3	J
T.T3J.3	-0.125891239	0.117081836	-0.14244878	-0.032932109	-0.013110432	0.000136848	0.067346754	-0.014163854	0.044828165	-0.024520717	-0.052577053	0.024803226	-0.025866087	-0.002860362	-0.028684531	-0.010553833	-0.00386913	0.032480139	0.000491283	-0.007575958	-0.004211212	-0.015455595	-0.007204921	-0.006093795	-0.00228796	-0.018788589	0.009814339	-0.027663656	-0.000477608	0.002226069	0.041433948	-0.018378661	0.033935626	0.016386629	0.017802554	0.009822402	-0.019429432	0.00128335	0.005583239	-0.003503511	0.032192368	-0.010757358	-0.006911603	-0.011611659	0.022210661	-0.007970652	0.006829115	0.006441301	-0.005730599	-0.00043882	T3J	T3	J
T.T3J.4	-0.121512076	0.145736763	-0.141908812	-0.031289727	-0.012131121	-0.005546137	0.067925428	0.001750875	0.043923652	-0.03111787	-0.049483666	0.009484292	-0.006864541	0.056915887	0.002869019	-0.030150455	0.031718661	0.029643241	-0.012884382	-0.035681706	-0.016669882	0.022356292	-0.013190624	0.004021671	0.009750213	-0.023750828	0.029215475	0.002645474	0.006132149	0.004163541	-0.015883758	0.0028244	-0.006872669	-0.024147611	-0.032864228	-0.024964924	0.008959669	-0.000286937	0.020091947	-0.006370123	-0.023861903	0.004776215	-0.000755901	0.00458908	-0.007421767	0.006610327	-0.00939545	0.009884359	-0.004123902	0.000221365	T3J	T3	J
T.T3ML.1	-0.178764244	-0.049043191	-0.048732341	0.045615705	0.137166691	0.002214947	0.00804485	0.089793712	-0.005881993	0.031726782	0.060852851	0.029374057	0.029239181	0.046039354	-0.005868534	-0.014696101	0.000383067	0.006274186	-0.014172784	-0.003719344	0.002756403	-0.037730758	-0.003140935	-0.029983758	-0.012383307	-0.021806251	0.005201534	-0.012520862	-0.015544822	-0.007545107	3.88E-05	-0.01403101	0.027932328	-0.022393781	-0.004773147	-0.009775956	0.000222317	-0.023428228	-0.038296409	0.016597786	-0.003683493	0.024647478	-0.003090151	0.008883078	0.004644909	-0.010757804	-0.00149222	0.00029118	0.002492609	0.001275597	T3ML	T3	ML
T.T3ML.2	-0.161887682	-0.013033516	-0.06528075	0.050030105	0.107812446	0.002263755	0.010041809	0.033804359	-0.014105148	0.055645771	0.020488684	0.011615813	0.049308075	-0.016758328	-0.012876459	-0.033827899	0.008187589	0.008909426	0.008248348	0.044944882	-0.020960154	0.015700643	-0.005028992	0.029762897	-0.036085707	0.037842636	0.02637561	0.01557365	-0.012476879	0.020921838	0.032088503	-0.01767162	-0.011618682	-0.000399373	-0.001476624	-0.008491892	-0.01789283	0.009708781	0.002672954	-0.012961573	-0.02176784	-0.024602812	0.004348999	0.004448043	0.010103402	0.00376056	-0.00385022	-0.000120121	-0.001910842	0.004128969	T3ML	T3	ML
T.T3ML.3	-0.159385738	0.006865902	-0.078864205	0.046995218	0.131627349	-0.004208373	0.02149697	0.056116222	0.011273253	0.091910319	0.016430037	-0.021214035	0.026125814	0.005823502	-0.009580849	-0.01654766	-0.005401151	0.001340154	-0.000955657	0.002481132	-0.00253495	0.030231532	0.001496063	0.004583045	-0.009896127	-0.007338801	0.000502135	-0.004169222	-0.017599727	-0.001614945	-0.012208144	0.008604247	0.004014238	0.014769602	0.003490649	0.042086272	0.039436193	-0.006411877	0.032244995	-0.00106591	0.031466887	0.00636617	0.011833554	0.010223679	-0.007086695	0.009226092	-0.005040283	0.002206457	0.001125016	-0.00202241	T3ML	T3	ML
T.T3ML.4	-0.149592535	-0.026321637	-0.087864412	0.051641349	0.110847497	-0.004548318	0.012930463	0.031675301	-0.011837962	0.104555537	0.021362596	-0.036166506	0.015907101	0.001016856	0.008522886	0.008457452	-0.02813067	0.010553341	-0.00577024	-0.00828997	-0.012370204	-0.020262388	0.019557021	-0.005406408	0.036968978	-0.014170118	-0.029545017	0.006310381	0.020912402	-0.006688467	-0.026923834	0.016338033	-0.016972844	0.009230219	-0.002494841	-0.025069204	-0.016965011	0.026113884	-0.002570416	-0.007677811	0.003647354	-0.002074341	-0.019018876	-0.018634422	0.006153939	0.011166929	0.013862452	0.004897285	-0.006140495	-7.81E-05	T3ML	T3	ML
T.T4CK.1	-0.184851298	-0.043470035	0.083978549	0.041014141	0.050376096	0.005603862	0.03051321	-0.067399736	0.004153692	-0.02863758	-0.020181111	0.00041624	0.069357578	-0.010011404	0.004975276	0.049468889	-0.026974686	0.056240497	0.006996139	0.02246678	-0.038295802	0.021294872	-0.002917022	-0.036520323	-0.00852626	-0.008696781	-0.035807104	0.036746333	-0.006484447	-0.014194057	-0.004588855	0.00722197	0.030724497	-0.009059932	-0.013967058	0.014134714	-0.017721732	-0.012417576	0.004929283	-0.008771819	-0.011707918	-0.011175544	0.003251458	-0.008280917	-0.006301897	-0.007731772	-0.005031634	-0.002193837	0.001520331	-0.00319943	T4CK	T4	CK
T.T4CK.2	-0.185661354	-0.06347787	0.064853525	0.029727547	0.062662431	0.009138039	0.02843173	-0.079021501	-0.007852773	-0.027400491	-0.005416806	0.021822353	0.043293037	-0.011725215	0.056065952	-0.019949912	-0.003929608	-0.077877736	-0.027920804	0.012293923	0.010966715	0.006643459	0.015326578	-0.028974126	0.017498	-0.016839922	-0.024362697	-0.014141668	0.031406109	0.039739623	0.019938021	-0.025839675	0.003859098	0.003153168	-0.019446065	0.00085256	0.01243889	0.000781918	0.015447695	0.016481941	-0.001103039	-0.002056005	-0.012218926	0.004721365	0.009326062	0.003225766	-0.003730287	0.001798941	0.00126575	0.000832299	T4CK	T4	CK
T.T4CK.3	-0.16670825	-0.074488373	0.049549106	0.050460463	0.062850438	0.008030464	0.027933543	-0.061429944	0.018582678	-0.026716782	-0.00959163	-0.005011026	0.043609271	-0.043700405	0.029687839	0.042579703	-0.033072219	0.023029955	-0.002234247	-0.006813468	0.000557463	-0.035005606	0.014141672	0.018472496	0.014592055	0.003978907	0.052558392	-0.038844592	0.019777264	-0.020330915	-0.002953787	-0.006426729	-0.013312648	-0.027787954	0.031938663	0.005878924	0.021038822	-0.015690512	0.003544926	-0.013730136	-0.006145457	-0.002643324	-0.000858	0.000725846	-0.013988485	0.001858658	0.005512911	0.000790366	-0.001410786	0.001894758	T4CK	T4	CK
T.T4CK.4	-0.197317144	-0.057149135	0.097583876	0.04703668	0.083822545	-0.008810641	0.035245898	-0.077012547	0.042977605	-0.049464822	-0.057913811	-0.018266718	0.022570577	0.064981256	0.047967918	-0.052265723	-0.031825972	0.00080523	0.01222317	-0.02708005	0.015549869	-0.014385826	-0.013678109	0.010005119	-0.001435271	0.011688793	-0.00173774	0.014745917	-0.041771915	-0.013877744	-0.00953819	-0.001301334	-0.024555449	0.038652101	0.019184284	-0.002581536	-0.009807759	0.014902566	-0.009888303	0.006495342	-0.000486786	0.012947306	0.010404614	0.005120114	0.002903652	-0.004370862	-0.001657714	-0.001341289	0.000601918	0.000356969	T4CK	T4	CK
T.T4B.1	-0.227551377	0.146330188	0.080605672	0.025029121	-0.039288207	-0.011968955	-0.056710857	0.03410583	-0.041571843	-0.04594276	0.063356449	0.002766668	0.040384598	-0.040050714	-0.005374851	-0.00950675	0.033269653	0.019519901	0.000455047	-0.061366808	-0.025235672	0.007170225	-0.00692221	0.036898355	-0.00056082	0.018448297	-0.028359859	-0.00503564	0.01919603	0.025200112	-0.017348754	-0.031708952	-0.010422587	0.014964966	0.020344764	0.009296842	-0.007165903	-0.011184277	-0.00528243	-0.007957591	-0.004387507	0.017566033	0.002739671	-0.013361576	0.004189551	-0.002451961	-0.00427521	0.00724424	0.002356147	-0.001527944	T4B	T4	B
T.T4B.2	-0.223780825	0.133310962	0.077782143	-0.016867953	-0.084298132	-0.004301266	0.00360026	-0.034186166	-0.036105832	0.017748034	0.029415417	0.020767952	0.023997512	-0.011943106	-0.001398148	-0.019799069	0.024291737	-0.020400531	0.01884932	0.024604219	0.001095922	0.035231273	-0.020921202	0.034363921	0.058596968	-0.051107269	-0.012789365	-0.015989152	-0.027346333	-0.012193415	0.008754205	0.031373232	0.009138645	-0.019639556	0.022702436	0.001466321	-0.009665913	0.006634071	-0.016147991	0.006611936	0.000969473	-0.00929216	0.013781383	0.001106138	0.000425959	0.005565474	-0.006187491	0.00251984	0.00086764	0.002273443	T4B	T4	B
T.T4B.3	-0.211805249	0.151697713	0.031903168	0.023316996	-0.056564924	-0.009667062	-0.020464052	-0.015403055	-0.021258694	0.030581518	0.033088289	-0.035118612	0.019119846	0.020261864	0.028237652	0.054427535	0.047869951	0.015168702	0.020509851	-0.007137671	0.040932759	-0.028687442	-0.031923681	-0.009536891	0.006151905	-0.003364656	0.003998425	-0.017674258	-0.003065161	0.015958095	0.007294526	0.002453227	-0.014674685	0.011800262	-0.030668103	0.002129358	-0.017063367	0.003172905	0.00147416	-0.027451925	0.012828841	-0.008909027	-0.001618909	0.036005971	-0.004507382	-0.010069728	0.006537339	-0.003128216	0.001243451	-0.00105821	T4B	T4	B
T.T4B.4	-0.222582988	0.133062028	0.080175189	0.028309718	-0.037786493	-0.01810336	0.009344227	-0.036201224	0.007326374	0.052243141	0.008395193	-0.058685621	-0.015411095	0.034461164	0.025011713	0.022928007	0.031453036	-0.014006862	0.025227448	-0.029864411	-0.000935446	0.040470406	0.02492053	-0.001243635	-0.026192772	0.013518253	0.015651083	0.018321568	0.022407336	-0.012356014	0.039407136	0.021167164	0.021694896	0.018007541	0.011226979	-0.01125262	0.027475778	-0.014338619	-0.02452616	0.010376548	-0.013056609	-0.003690944	-0.009106326	-0.005297255	0.001324944	0.005832652	0.009337875	0.001755573	-5.09E-05	-0.001080158	T4B	T4	B
T.T4J.1	-0.202636899	0.161296287	0.07404779	-0.011551603	-0.111711502	0.001280296	-0.063945539	0.031901943	-0.064565715	-0.058991488	0.040175319	0.039910265	0.018484423	-0.009730668	0.030109503	-0.018335973	-0.031015824	-0.013609684	0.043099403	0.0099624	-0.010670079	-0.038197814	0.026017949	-0.021099913	-0.029190494	-0.016129604	0.037148817	0.013117924	-0.019557911	0.001672473	-0.012620344	0.014094019	-0.013152524	0.001828345	-0.020952396	-0.008219378	0.012276678	-0.002923566	0.001073704	0.004727813	0.017392292	-0.014580842	0.007054732	-0.017385848	0.011183251	0.011754108	-0.001716066	-0.00078451	-0.004227234	-0.002495026	T4J	T4	J
T.T4J.2	-0.206707804	0.156485542	0.052594384	3.31E-05	-0.10192748	-0.014482216	-0.031266594	-0.04146311	-0.047119002	0.029759351	0.023335639	-0.023943104	-0.00604904	0.064279802	0.010510134	0.011819397	0.022665519	-0.000396011	-0.04424301	0.023049641	-0.00460706	-0.007805479	-0.012795268	0.006901939	-0.014688403	0.046478818	-0.006269246	-0.022874606	-0.01522314	-0.030616543	-0.013642666	-0.022690931	0.013885338	-0.020225075	0.004272142	-0.007464774	-0.005555142	0.013660252	0.025630442	0.023640978	0.012460154	-0.002980894	-0.015978524	-0.018365051	-0.008380258	-0.002156278	-0.005425603	-0.002634173	0.00036308	0.000555087	T4J	T4	J
T.T4J.3	-0.208833797	0.157787192	0.070108736	-0.03170435	-0.125382589	-0.002431197	-0.002571482	-0.035157859	-0.037204902	0.048803655	-0.005433307	0.015283762	-0.032112843	-0.017903709	-0.063968481	-0.027201415	-0.043767192	0.01277719	-0.024274149	0.01362647	-0.016543777	-0.029115835	-0.007294391	-0.025073361	0.011906882	0.000608972	-0.020292072	-0.017548826	-0.007347855	-0.011656256	0.023876516	0.001543189	-0.015266726	0.032368174	-0.018967379	0.008530201	0.022730056	-0.012229557	0.003304155	-0.011622466	-0.029773979	0.016531846	0.005386412	-0.002035509	-0.009544597	-0.003491049	0.001444959	0.000353521	-0.001961155	0.00231149	T4J	T4	J
T.T4J.4	-0.218999569	0.15141259	0.067697617	-0.019441445	-0.11445775	-0.006674942	0.011247525	-0.043695896	-0.031706353	0.048404562	-0.027617927	0.011061681	-0.01761353	0.009785006	-0.032914848	-0.047890827	-0.036918292	0.010787689	0.008921531	0.006410251	0.02282037	0.003632368	0.032788867	-0.007357808	-0.005521983	-0.000112355	0.015733463	0.049106726	0.033822128	0.022848774	-0.025059413	-0.007485377	0.012595575	-0.027992646	0.024794421	0.006143472	-0.012483979	0.006872141	0.003082252	-0.006310996	0.010436519	0.013768945	-0.003256801	0.023811761	0.000829044	-0.006008015	0.004911424	-0.000595821	0.003051893	0.000362677	T4J	T4	J
T.T4ML.1	-0.181551009	-0.08796674	0.20845628	0.107647738	0.000464439	-0.04690339	-0.026483325	0.066191829	0.040932015	-0.026425327	0.001342399	0.038693083	0.004178136	-0.043763499	-0.029116474	-0.011574082	0.018854195	-0.017327386	-0.078339899	-0.058686799	0.024198144	-0.005027435	0.006090971	-0.022443166	-0.005542877	0.01004323	0.009963867	0.015287299	-0.015329411	-0.003528023	0.017604816	0.040605465	0.00160153	-0.005781191	0.006487647	0.006199325	-0.0177536	0.010741816	0.010340531	0.003567929	-0.000967661	-0.011703312	-0.009074543	0.004804757	-0.011816745	0.002942007	0.001551091	-0.001135118	-0.001705327	-0.000304543	T4ML	T4	ML
T.T4ML.2	-0.17679291	-0.102179151	0.212968074	0.10169835	-0.003762426	-0.03517861	-0.013992132	0.062698381	0.054494144	-0.026333779	-0.018382092	0.043195518	-0.006374057	-0.032211965	-0.018702614	-0.000235181	0.029909456	0.024283255	0.019817368	0.052334787	0.027614661	0.023557909	-0.006137259	0.014096501	0.043360963	0.013076458	0.021235539	0.012700621	0.022268431	-0.032860776	-0.017008144	-0.027120227	0.012889401	0.026782611	-0.021913374	-0.017321137	0.013047862	0.0040914	-0.000823409	0.008653988	0.006014584	0.00692684	-0.003132318	0.001765055	0.006212508	-0.002546827	0.002464762	-0.001644749	-0.0004191	-0.00081214	T4ML	T4	ML
T.T4ML.3	-0.181801057	-0.105602939	0.196503464	0.087950895	0.002901771	-0.027768068	-0.002264131	0.061968123	0.05615731	-0.011029673	-0.04665724	-0.015275041	-0.051511351	0.034864884	-0.003464105	-0.007045963	0.007966443	0.017519897	0.056537927	0.02834056	0.042163404	-0.008566458	0.012807312	-0.00220282	-0.019076275	0.00334111	-0.043211524	-0.031666532	-0.008490255	0.035982298	-0.000131423	0.006718926	-0.008474992	-0.029740701	0.006518397	0.01330945	0.006724049	-0.001289376	0.001004064	-0.010301257	-0.012548655	-0.00232628	-0.005184226	-0.018837961	-0.003040848	0.004661237	-0.00073693	0.000568593	-0.00104418	0.00029776	T4ML	T4	ML
T.T4ML.4	-0.187665468	-0.072144026	0.186873186	0.116223432	-0.008024435	-0.046746532	-0.024490214	0.020722916	0.02699992	0.024575999	-0.02752482	-0.048799839	-0.086208187	-0.008980946	0.002151153	0.044278738	-0.042695204	-0.034875281	-0.023069572	-0.014855685	-0.069942698	0.01246241	-0.019439639	0.024244576	-0.020895096	-0.035245449	0.009807332	-0.00565309	0.000867155	0.005040592	-0.006354874	-0.018751934	-0.006635532	-0.008094231	-0.011908804	-0.009518181	-0.009575165	0.000497001	-0.003475272	-0.000123743	0.009091352	-0.002363421	0.015819625	0.007267402	0.011896092	-0.0027392	-0.002383485	-0.00299106	0.002468146	0.000549235	T4ML	T4	ML
