	y	env	group
1	0.171761077	0.23440129	T2
2	0.186273135	0.241832586	T2
3	0.190514582	0.260691251	T2
4	0.446333427	0.662331744	T2
5	0.370793606	0.644314358	T2
6	0.452292485	0.633938587	T2
7	0.521487661	0.666012339	T2
8	0.458006169	0.701661526	T2
9	0.439673303	0.680279024	T2
10	0.462843522	0.633237521	T2
11	0.508342681	0.649502243	T2
12	0.300336511	0.473674986	T2
13	0.288558609	0.460319686	T2
14	0.309029725	0.485873528	T2
15	0.313656758	0.467891195	T2
16	0.16261217	0.199943915	T2
17	0.200049075	0.223639933	T2
18	0.440935222	0.684169938	T2
19	0.373808188	0.668255749	T2
20	0.447314919	0.653463264	T2
21	0.516930735	0.689357824	T2
22	0.453694616	0.722132642	T2
23	0.440584689	0.701941952	T2
24	0.458076276	0.652657039	T2
25	0.517351374	0.674670499	T2
26	0.297707515	0.489273696	T2
27	0.286876052	0.456043186	T2
28	0.307767807	0.483595064	T2
29	0.314147504	0.448296411	T2
30	0.186238082	0.19005889	T2
31	0.444580763	0.702713124	T2
32	0.370758553	0.684730791	T2
33	0.445562255	0.672742569	T2
34	0.516019349	0.705692653	T2
35	0.459653674	0.741376893	T2
36	0.435642176	0.718311834	T2
37	0.457865956	0.671866237	T2
38	0.511287156	0.692757992	T2
39	0.305138811	0.488187044	T2
40	0.287892597	0.447244812	T2
41	0.315549635	0.463860067	T2
42	0.309204992	0.429963545	T2
43	0.456043186	0.694300337	T2
44	0.384254066	0.679052159	T2
45	0.455692653	0.667554683	T2
46	0.526009534	0.697980931	T2
47	0.466489063	0.734261077	T2
48	0.44882221	0.710915592	T2
49	0.47073051	0.662892597	T2
50	0.516545149	0.683538979	T2
51	0.314147504	0.474761638	T2
52	0.304087213	0.447665451	T2
53	0.317547672	0.454290522	T2
54	0.324558329	0.416573191	T2
55	0.289224621	0.181540942	T2
56	0.262934661	0.175511778	T2
57	0.303876893	0.183048233	T2
58	0.272854739	0.200364554	T2
59	0.264862591	0.181225463	T2
60	0.319580763	0.232823892	T2
61	0.348920359	0.229669097	T2
62	0.417379417	0.386602636	T2
63	0.454185362	0.431190409	T2
64	0.473674986	0.422181716	T2
65	0.447525238	0.505503365	T2
66	0.329535895	0.155110768	T2
67	0.376752664	0.194896242	T2
68	0.342330342	0.206954571	T2
69	0.27425687	0.196333427	T2
70	0.322840718	0.179437745	T2
71	0.33290101	0.195982894	T2
72	0.363222098	0.356667134	T2
73	0.361189007	0.38846046	T2
74	0.364519069	0.375736119	T2
75	0.35298654	0.471081043	T2
76	0.283581043	0.197139652	T2
77	0.28109226	0.25469714	T2
78	0.239063376	0.156653113	T2
79	0.311343242	0.23857263	T2
80	0.345415031	0.220765564	T2
81	0.413313236	0.38600673	T2
82	0.460600112	0.39498037	T2
83	0.480300056	0.383167414	T2
84	0.45075014	0.474411105	T2
85	0.279760236	0.193108525	T2
86	0.27019069	0.23632922	T2
87	0.310537016	0.184204992	T2
88	0.358139372	0.134569546	T2
89	0.480194896	0.355966068	T2
90	0.526780707	0.409141896	T2
91	0.541783511	0.404479809	T2
92	0.52201346	0.501121705	T2
93	0.237906618	0.228302019	T2
94	0.309134885	0.234155917	T2
95	0.360312675	0.192442513	T2
96	0.420919798	0.388285193	T2
97	0.462422883	0.443283791	T2
98	0.478652552	0.433363713	T2
99	0.452117218	0.52702608	T2
100	0.257045709	0.279339596	T2
101	0.275974481	0.25234857	T2
102	0.402236399	0.410438867	T2
103	0.431575996	0.425932417	T2
104	0.450574874	0.427895401	T2
105	0.422041503	0.508237521	T2
106	0.339981772	0.150378575	T2
107	0.432872967	0.312009254	T2
108	0.466313797	0.360347729	T2
109	0.484962142	0.344678912	T2
110	0.460004206	0.443564218	T2
111	0.4551318	0.326451206	T2
112	0.45748037	0.382396242	T2
113	0.465016826	0.368409983	T2
114	0.445351935	0.470029445	T2
115	0.257150869	0.154514863	T2
116	0.290837072	0.194054964	T2
117	0.269840157	0.275168256	T2
118	0.204395681	0.161455412	T2
119	0.191706394	0.23408581	T2
120	0.222202748	0.199488222	T2
121	0.171761077	7.61759697	AP
122	0.186273135	1.58261492	AP
123	0.190514582	10.58940558	AP
124	0.446333427	22.63073596	AP
125	0.370793606	8.56755727	AP
126	0.452292485	10.2150703	AP
127	0.521487661	19.68159939	AP
128	0.458006169	20.02297018	AP
129	0.439673303	24.59857725	AP
130	0.462843522	28.6856116	AP
131	0.508342681	22.45421697	AP
132	0.300336511	0.1330862	AP
133	0.288558609	1.97342772	AP
134	0.309029725	4.65696382	AP
135	0.313656758	8.4608844	AP
136	0.16261217	6.03498205	AP
137	0.200049075	2.97180861	AP
138	0.440935222	30.24833293	AP
139	0.373808188	16.18515424	AP
140	0.447314919	17.83266727	AP
141	0.516930735	27.29919636	AP
142	0.453694616	27.64056715	AP
143	0.440584689	32.21617422	AP
144	0.458076276	36.30320857	AP
145	0.517351374	30.07181394	AP
146	0.297707515	7.48451077	AP
147	0.286876052	5.64416925	AP
148	0.307767807	2.96063315	AP
149	0.314147504	0.84328743	AP
150	0.186238082	9.00679066	AP
151	0.444580763	24.21335088	AP
152	0.370758553	10.15017219	AP
153	0.445562255	11.79768522	AP
154	0.516019349	21.26421431	AP
155	0.459653674	21.6055851	AP
156	0.435642176	26.18119217	AP
157	0.457865956	30.26822652	AP
158	0.511287156	24.03683189	AP
159	0.305138811	1.44952872	AP
160	0.287892597	0.3908128	AP
161	0.315549635	3.0743489	AP
162	0.309204992	6.87826948	AP
163	0.456043186	33.22014154	AP
164	0.384254066	19.15696285	AP
165	0.455692653	20.80447588	AP
166	0.526009534	30.27100497	AP
167	0.466489063	30.61237576	AP
168	0.44882221	35.18798283	AP
169	0.47073051	39.27501718	AP
170	0.516545149	33.04362255	AP
171	0.314147504	10.45631938	AP
172	0.304087213	8.61597786	AP
173	0.317547672	5.93244176	AP
174	0.324558329	2.12852118	AP
175	0.289224621	14.06317869	AP
176	0.262934661	12.41566566	AP
177	0.303876893	2.94913657	AP
178	0.272854739	2.60776578	AP
179	0.264862591	1.96784129	AP
180	0.319580763	6.05487564	AP
181	0.348920359	0.17651899	AP
182	0.417379417	22.76382216	AP
183	0.454185362	24.60416368	AP
184	0.473674986	27.28769978	AP
185	0.447525238	31.09162036	AP
186	0.329535895	1.64751303	AP
187	0.376752664	11.11404212	AP
188	0.342330342	11.45541291	AP
189	0.27425687	16.03101998	AP
190	0.322840718	20.11805433	AP
191	0.33290101	13.8866597	AP
192	0.363222098	8.70064347	AP
193	0.361189007	10.54098499	AP
194	0.364519069	13.22452109	AP
195	0.35298654	17.02844167	AP
196	0.283581043	9.46652909	AP
197	0.28109226	9.80789988	AP
198	0.239063376	14.38350695	AP
199	0.311343242	18.4705413	AP
200	0.345415031	12.23914667	AP
201	0.413313236	10.3481565	AP
202	0.460600112	12.18849802	AP
203	0.480300056	14.87203412	AP
204	0.45075014	18.6759547	AP
205	0.279760236	0.34137079	AP
206	0.27019069	4.91697786	AP
207	0.310537016	9.00401221	AP
208	0.358139372	2.77261758	AP
209	0.480194896	19.81468559	AP
210	0.526780707	21.65502711	AP
211	0.541783511	24.33856321	AP
212	0.52201346	28.14248379	AP
213	0.237906618	4.57560707	AP
214	0.309134885	8.66264142	AP
215	0.360312675	2.43124679	AP
216	0.420919798	20.15605638	AP
217	0.462422883	21.9963979	AP
218	0.478652552	24.679934	AP
219	0.452117218	28.48385458	AP
220	0.257045709	4.08703435	AP
221	0.275974481	2.14436028	AP
222	0.402236399	24.73166345	AP
223	0.431575996	26.57200497	AP
224	0.450574874	29.25554107	AP
225	0.422041503	33.05946165	AP
226	0.339981772	6.23139463	AP
227	0.432872967	28.8186978	AP
228	0.466313797	30.65903932	AP
229	0.484962142	33.34257542	AP
230	0.460004206	37.146496	AP
231	0.4551318	22.58730317	AP
232	0.45748037	24.42764469	AP
233	0.465016826	27.11118079	AP
234	0.445351935	30.91510137	AP
235	0.257150869	1.84034152	AP
236	0.290837072	4.52387762	AP
237	0.269840157	8.3277982	AP
238	0.204395681	2.6835361	AP
239	0.191706394	6.48745668	AP
240	0.222202748	3.80392058	AP
241	0.171761077	0.082	NH4
242	0.186273135	1.2635	NH4
243	0.190514582	2.2345	NH4
244	0.446333427	5.667	NH4
245	0.370793606	3.785	NH4
246	0.452292485	5.1085	NH4
247	0.521487661	6.5675	NH4
248	0.458006169	59.605	NH4
249	0.439673303	11.7135	NH4
250	0.462843522	6.657	NH4
251	0.508342681	11.692	NH4
252	0.300336511	1.347	NH4
253	0.288558609	0.6535	NH4
254	0.309029725	0.805	NH4
255	0.313656758	0.8425	NH4
256	0.16261217	1.1815	NH4
257	0.200049075	2.1525	NH4
258	0.440935222	5.585	NH4
259	0.373808188	3.703	NH4
260	0.447314919	5.0265	NH4
261	0.516930735	6.4855	NH4
262	0.453694616	59.523	NH4
263	0.440584689	11.6315	NH4
264	0.458076276	6.575	NH4
265	0.517351374	11.61	NH4
266	0.297707515	1.265	NH4
267	0.286876052	0.5715	NH4
268	0.307767807	0.723	NH4
269	0.314147504	0.7605	NH4
270	0.186238082	0.971	NH4
271	0.444580763	4.4035	NH4
272	0.370758553	2.5215	NH4
273	0.445562255	3.845	NH4
274	0.516019349	5.304	NH4
275	0.459653674	58.3415	NH4
276	0.435642176	10.45	NH4
277	0.457865956	5.3935	NH4
278	0.511287156	10.4285	NH4
279	0.305138811	0.0835	NH4
280	0.287892597	0.61	NH4
281	0.315549635	0.4585	NH4
282	0.309204992	0.421	NH4
283	0.456043186	3.4325	NH4
284	0.384254066	1.5505	NH4
285	0.455692653	2.874	NH4
286	0.526009534	4.333	NH4
287	0.466489063	57.3705	NH4
288	0.44882221	9.479	NH4
289	0.47073051	4.4225	NH4
290	0.516545149	9.4575	NH4
291	0.314147504	0.8875	NH4
292	0.304087213	1.581	NH4
293	0.317547672	1.4295	NH4
294	0.324558329	1.392	NH4
295	0.289224621	1.882	NH4
296	0.262934661	0.5585	NH4
297	0.303876893	0.9005	NH4
298	0.272854739	53.938	NH4
299	0.264862591	6.0465	NH4
300	0.319580763	0.99	NH4
301	0.348920359	6.025	NH4
302	0.417379417	4.32	NH4
303	0.454185362	5.0135	NH4
304	0.473674986	4.862	NH4
305	0.447525238	4.8245	NH4
306	0.329535895	1.3235	NH4
307	0.376752664	2.7825	NH4
308	0.342330342	55.82	NH4
309	0.27425687	7.9285	NH4
310	0.322840718	2.872	NH4
311	0.33290101	7.907	NH4
312	0.363222098	2.438	NH4
313	0.361189007	3.1315	NH4
314	0.364519069	2.98	NH4
315	0.35298654	2.9425	NH4
316	0.283581043	1.459	NH4
317	0.28109226	54.4965	NH4
318	0.239063376	6.605	NH4
319	0.311343242	1.5485	NH4
320	0.345415031	6.5835	NH4
321	0.413313236	3.7615	NH4
322	0.460600112	4.455	NH4
323	0.480300056	4.3035	NH4
324	0.45075014	4.266	NH4
325	0.279760236	53.0375	NH4
326	0.27019069	5.146	NH4
327	0.310537016	0.0895	NH4
328	0.358139372	5.1245	NH4
329	0.480194896	5.2205	NH4
330	0.526780707	5.914	NH4
331	0.541783511	5.7625	NH4
332	0.52201346	5.725	NH4
333	0.237906618	47.8915	NH4
334	0.309134885	52.948	NH4
335	0.360312675	47.913	NH4
336	0.420919798	58.258	NH4
337	0.462422883	58.9515	NH4
338	0.478652552	58.8	NH4
339	0.452117218	58.7625	NH4
340	0.257045709	5.0565	NH4
341	0.275974481	0.0215	NH4
342	0.402236399	10.3665	NH4
343	0.431575996	11.06	NH4
344	0.450574874	10.9085	NH4
345	0.422041503	10.871	NH4
346	0.339981772	5.035	NH4
347	0.432872967	5.31	NH4
348	0.466313797	6.0035	NH4
349	0.484962142	5.852	NH4
350	0.460004206	5.8145	NH4
351	0.4551318	10.345	NH4
352	0.45748037	11.0385	NH4
353	0.465016826	10.887	NH4
354	0.445351935	10.8495	NH4
355	0.257150869	0.6935	NH4
356	0.290837072	0.542	NH4
357	0.269840157	0.5045	NH4
358	0.204395681	0.1515	NH4
359	0.191706394	0.189	NH4
360	0.222202748	0.0375	NH4
361	0.171761077	0.04704815	TN
362	0.186273135	0.09022304	TN
363	0.190514582	0.025920548	TN
364	0.446333427	0.580108901	TN
365	0.370793606	0.058298175	TN
366	0.452292485	0.169182993	TN
367	0.521487661	0.486026821	TN
368	0.458006169	0.82868005	TN
369	0.439673303	0.537599874	TN
370	0.462843522	0.372499226	TN
371	0.508342681	0.490929159	TN
372	0.300336511	0.063638454	TN
373	0.288558609	0.158965841	TN
374	0.309029725	0.16941751	TN
375	0.313656758	0.162756986	TN
376	0.16261217	0.04317489	TN
377	0.200049075	0.021127602	TN
378	0.440935222	0.533060751	TN
379	0.373808188	0.105346325	TN
380	0.447314919	0.122134843	TN
381	0.516930735	0.438978671	TN
382	0.453694616	0.7816319	TN
383	0.440584689	0.490551724	TN
384	0.458076276	0.325451076	TN
385	0.517351374	0.443881009	TN
386	0.297707515	0.016590304	TN
387	0.286876052	0.111917691	TN
388	0.307767807	0.12236936	TN
389	0.314147504	0.115708836	TN
390	0.186238082	0.064302492	TN
391	0.444580763	0.489885861	TN
392	0.370758553	0.148521215	TN
393	0.445562255	0.078959953	TN
394	0.516019349	0.395803781	TN
395	0.459653674	0.73845701	TN
396	0.435642176	0.447376834	TN
397	0.457865956	0.282276186	TN
398	0.511287156	0.400706119	TN
399	0.305138811	0.026584586	TN
400	0.287892597	0.068742801	TN
401	0.315549635	0.07919447	TN
402	0.309204992	0.072533946	TN
403	0.456043186	0.554188353	TN
404	0.384254066	0.084218723	TN
405	0.455692653	0.143262445	TN
406	0.526009534	0.460106273	TN
407	0.466489063	0.802759502	TN
408	0.44882221	0.511679326	TN
409	0.47073051	0.346578678	TN
410	0.516545149	0.465008611	TN
411	0.314147504	0.037717906	TN
412	0.304087213	0.133045293	TN
413	0.317547672	0.143496962	TN
414	0.324558329	0.136836438	TN
415	0.289224621	0.638407076	TN
416	0.262934661	0.410925908	TN
417	0.303876893	0.09408208	TN
418	0.272854739	0.248571149	TN
419	0.264862591	0.042509027	TN
420	0.319580763	0.207609675	TN
421	0.348920359	0.089179742	TN
422	0.417379417	0.516470447	TN
423	0.454185362	0.42114306	TN
424	0.473674986	0.410691391	TN
425	0.447525238	0.417351915	TN
426	0.329535895	0.227481168	TN
427	0.376752664	0.544324996	TN
428	0.342330342	0.886978225	TN
429	0.27425687	0.595898049	TN
430	0.322840718	0.430797401	TN
431	0.33290101	0.549227334	TN
432	0.363222098	0.121936629	TN
433	0.361189007	0.217264016	TN
434	0.364519069	0.227715685	TN
435	0.35298654	0.221055161	TN
436	0.283581043	0.316843828	TN
437	0.28109226	0.659497057	TN
438	0.239063376	0.368416881	TN
439	0.311343242	0.203316233	TN
440	0.345415031	0.321746166	TN
441	0.413313236	0.105544539	TN
442	0.460600112	0.010217152	TN
443	0.480300056	0.000234517	TN
444	0.45075014	0.006426007	TN
445	0.279760236	0.342653229	TN
446	0.27019069	0.051573053	TN
447	0.310537016	0.113527595	TN
448	0.358139372	0.004902338	TN
449	0.480194896	0.422388367	TN
450	0.526780707	0.32706098	TN
451	0.541783511	0.316609311	TN
452	0.52201346	0.323269835	TN
453	0.237906618	0.291080176	TN
454	0.309134885	0.456180824	TN
455	0.360312675	0.337750891	TN
456	0.420919798	0.765041596	TN
457	0.462422883	0.669714209	TN
458	0.478652552	0.65926254	TN
459	0.452117218	0.665923064	TN
460	0.257045709	0.165100648	TN
461	0.275974481	0.046670715	TN
462	0.402236399	0.47396142	TN
463	0.431575996	0.378634033	TN
464	0.450574874	0.368182364	TN
465	0.422041503	0.374842888	TN
466	0.339981772	0.118429933	TN
467	0.432872967	0.308860772	TN
468	0.466313797	0.213533385	TN
469	0.484962142	0.203081716	TN
470	0.460004206	0.20974224	TN
471	0.4551318	0.427290705	TN
472	0.45748037	0.331963318	TN
473	0.465016826	0.321511649	TN
474	0.445351935	0.328172173	TN
475	0.257150869	0.095327387	TN
476	0.290837072	0.105779056	TN
477	0.269840157	0.099118532	TN
478	0.204395681	0.010451669	TN
479	0.191706394	0.003791145	TN
480	0.222202748	0.006660524	TN
481	0.171761077	0.119313324	TP
482	0.186273135	0.17664501	TP
483	0.190514582	0.012955228	TP
484	0.446333427	0.105680772	TP
485	0.370793606	0.126286856	TP
486	0.452292485	0.215570644	TP
487	0.521487661	0.250703831	TP
488	0.458006169	0.292005804	TP
489	0.439673303	0.233298858	TP
490	0.462843522	0.216594323	TP
491	0.508342681	0.406231692	TP
492	0.300336511	0.027370229	TP
493	0.288558609	0.057161457	TP
494	0.309029725	0.008791614	TP
495	0.313656758	0.059660859	TP
496	0.16261217	0.295958334	TP
497	0.200049075	0.106358096	TP
498	0.440935222	0.224994096	TP
499	0.373808188	0.006973532	TP
500	0.447314919	0.334883968	TP
501	0.516930735	0.370017155	TP
502	0.453694616	0.411319128	TP
503	0.440584689	0.352612182	TP
504	0.458076276	0.335907647	TP
505	0.517351374	0.525545016	TP
506	0.297707515	0.091943095	TP
507	0.286876052	0.176474781	TP
508	0.307767807	0.128104938	TP
509	0.314147504	0.178974183	TP
510	0.186238082	0.189600238	TP
511	0.444580763	0.070964238	TP
512	0.370758553	0.302931866	TP
513	0.445562255	0.038925634	TP
514	0.516019349	0.074058821	TP
515	0.459653674	0.115360794	TP
516	0.435642176	0.056653848	TP
517	0.457865956	0.039949313	TP
518	0.511287156	0.229586682	TP
519	0.305138811	0.204015239	TP
520	0.287892597	0.119483553	TP
521	0.315549635	0.167853396	TP
522	0.309204992	0.116984151	TP
523	0.456043186	0.118636	TP
524	0.384254066	0.113331628	TP
525	0.455692653	0.228525872	TP
526	0.526009534	0.263659059	TP
527	0.466489063	0.304961032	TP
528	0.44882221	0.246254086	TP
529	0.47073051	0.229549551	TP
530	0.516545149	0.41918692	TP
531	0.314147504	0.014415001	TP
532	0.304087213	0.070116685	TP
533	0.317547672	0.021746842	TP
534	0.324558329	0.072616087	TP
535	0.289224621	0.231967628	TP
536	0.262934661	0.109889872	TP
537	0.303876893	0.145023059	TP
538	0.272854739	0.186325032	TP
539	0.264862591	0.127618086	TP
540	0.319580763	0.110913551	TP
541	0.348920359	0.30055092	TP
542	0.417379417	0.133051001	TP
543	0.454185362	0.048519315	TP
544	0.473674986	0.096889158	TP
545	0.447525238	0.046019913	TP
546	0.329535895	0.3418575	TP
547	0.376752664	0.376990687	TP
548	0.342330342	0.41829266	TP
549	0.27425687	0.359585714	TP
550	0.322840718	0.342881179	TP
551	0.33290101	0.532518548	TP
552	0.363222098	0.098916627	TP
553	0.361189007	0.183448313	TP
554	0.364519069	0.13507847	TP
555	0.35298654	0.185947715	TP
556	0.283581043	0.035133187	TP
557	0.28109226	0.07643516	TP
558	0.239063376	0.017728214	TP
559	0.311343242	0.001023679	TP
560	0.345415031	0.190661048	TP
561	0.413313236	0.242940873	TP
562	0.460600112	0.158409187	TP
563	0.480300056	0.20677903	TP
564	0.45075014	0.155909785	TP
565	0.279760236	0.041301973	TP
566	0.27019069	0.017404973	TP
567	0.310537016	0.034109508	TP
568	0.358139372	0.155527861	TP
569	0.480194896	0.27807406	TP
570	0.526780707	0.193542374	TP
571	0.541783511	0.241912217	TP
572	0.52201346	0.191042972	TP
573	0.237906618	0.058706946	TP
574	0.309134885	0.075411481	TP
575	0.360312675	0.114225888	TP
576	0.420919798	0.319376033	TP
577	0.462422883	0.234844347	TP
578	0.478652552	0.28321419	TP
579	0.452117218	0.232344945	TP
580	0.257045709	0.016704535	TP
581	0.275974481	0.172932834	TP
582	0.402236399	0.260669087	TP
583	0.431575996	0.176137401	TP
584	0.450574874	0.224507244	TP
585	0.422041503	0.173637999	TP
586	0.339981772	0.189637369	TP
587	0.432872967	0.243964552	TP
588	0.466313797	0.159432866	TP
589	0.484962142	0.207802709	TP
590	0.460004206	0.156933464	TP
591	0.4551318	0.433601921	TP
592	0.45748037	0.349070235	TP
593	0.465016826	0.397440078	TP
594	0.445351935	0.346570833	TP
595	0.257150869	0.084531686	TP
596	0.290837072	0.036161843	TP
597	0.269840157	0.087031088	TP
598	0.204395681	0.048369843	TP
599	0.191706394	0.002499402	TP
600	0.222202748	0.050869245	TP
601	0.171761077	0.22320485	TOC
602	0.186273135	0.03673975	TOC
603	0.190514582	0.11371548	TOC
604	0.446333427	1.99838266	TOC
605	0.370793606	1.89222991	TOC
606	0.452292485	0.12390484	TOC
607	0.521487661	2.15163583	TOC
608	0.458006169	3.76042775	TOC
609	0.439673303	1.37408966	TOC
610	0.462843522	0.99498616	TOC
611	0.508342681	2.15163583	TOC
612	0.300336511	0.39062718	TOC
613	0.288558609	0.88301128	TOC
614	0.309029725	0.29460292	TOC
615	0.313656758	0.30754514	TOC
616	0.16261217	0.1864651	TOC
617	0.200049075	0.33692033	TOC
618	0.440935222	2.22158751	TOC
619	0.373808188	1.66902506	TOC
620	0.447314919	0.34710969	TOC
621	0.516930735	2.37484068	TOC
622	0.453694616	3.9836326	TOC
623	0.440584689	1.59729451	TOC
624	0.458076276	1.21819101	TOC
625	0.517351374	2.37484068	TOC
626	0.297707515	0.16742233	TOC
627	0.286876052	0.65980643	TOC
628	0.307767807	0.07139807	TOC
629	0.314147504	0.53074999	TOC
630	0.186238082	0.15045523	TOC
631	0.444580763	2.03512241	TOC
632	0.370758553	1.85549016	TOC
633	0.445562255	0.16064459	TOC
634	0.516019349	2.18837558	TOC
635	0.459653674	3.7971675	TOC
636	0.435642176	1.41082941	TOC
637	0.457865956	1.03172591	TOC
638	0.511287156	2.18837558	TOC
639	0.305138811	0.35388743	TOC
640	0.287892597	0.84627153	TOC
641	0.315549635	0.25786317	TOC
642	0.309204992	0.34428489	TOC
643	0.456043186	1.88466718	TOC
644	0.384254066	2.00594539	TOC
645	0.455692653	0.01018936	TOC
646	0.526009534	2.03792035	TOC
647	0.466489063	3.64671227	TOC
648	0.44882221	1.26037418	TOC
649	0.47073051	0.88127068	TOC
650	0.516545149	2.03792035	TOC
651	0.314147504	0.50434266	TOC
652	0.304087213	0.99672676	TOC
653	0.317547672	0.4083184	TOC
654	0.324558329	0.19382966	TOC
655	0.289224621	3.89061257	TOC
656	0.262934661	1.87447782	TOC
657	0.303876893	0.15325317	TOC
658	0.272854739	1.76204509	TOC
659	0.264862591	0.624293	TOC
660	0.319580763	1.0033965	TOC
661	0.348920359	0.15325317	TOC
662	0.417379417	2.38900984	TOC
663	0.454185362	2.88139394	TOC
664	0.473674986	2.29298558	TOC
665	0.447525238	1.69083752	TOC
666	0.329535895	2.01613475	TOC
667	0.376752664	4.04386574	TOC
668	0.342330342	5.65265766	TOC
669	0.27425687	3.26631957	TOC
670	0.322840718	2.88721607	TOC
671	0.33290101	4.04386574	TOC
672	0.363222098	1.50160273	TOC
673	0.361189007	1.00921863	TOC
674	0.364519069	1.59762699	TOC
675	0.35298654	2.19977505	TOC
676	0.283581043	2.02773099	TOC
677	0.28109226	3.63652291	TOC
678	0.239063376	1.25018482	TOC
679	0.311343242	0.87108132	TOC
680	0.345415031	2.02773099	TOC
681	0.413313236	0.51453202	TOC
682	0.460600112	1.00691612	TOC
683	0.480300056	0.41850776	TOC
684	0.45075014	0.1836403	TOC
685	0.279760236	1.60879192	TOC
686	0.27019069	0.77754617	TOC
687	0.310537016	1.15664967	TOC
688	0.358139372	0	TOC
689	0.480194896	2.54226301	TOC
690	0.526780707	3.03464711	TOC
691	0.541783511	2.44623875	TOC
692	0.52201346	1.84409069	TOC
693	0.237906618	2.38633809	TOC
694	0.309134885	2.76544159	TOC
695	0.360312675	1.60879192	TOC
696	0.420919798	4.15105493	TOC
697	0.462422883	4.64343903	TOC
698	0.478652552	4.05503067	TOC
699	0.452117218	3.45288261	TOC
700	0.257045709	0.3791035	TOC
701	0.275974481	0.77754617	TOC
702	0.402236399	1.76471684	TOC
703	0.431575996	2.25710094	TOC
704	0.450574874	1.66869258	TOC
705	0.422041503	1.06654452	TOC
706	0.339981772	1.15664967	TOC
707	0.432872967	1.38561334	TOC
708	0.466313797	1.87799744	TOC
709	0.484962142	1.28958908	TOC
710	0.460004206	0.68744102	TOC
711	0.4551318	2.54226301	TOC
712	0.45748037	3.03464711	TOC
713	0.465016826	2.44623875	TOC
714	0.445351935	1.84409069	TOC
715	0.257150869	0.4923841	TOC
716	0.290837072	0.09602426	TOC
717	0.269840157	0.69817232	TOC
718	0.204395681	0.58840836	TOC
719	0.191706394	1.19055642	TOC
720	0.222202748	0.60214806	TOC
721	0.171761077	13	AK
722	0.186273135	4	AK
723	0.190514582	19	AK
724	0.446333427	13	AK
725	0.370793606	40	AK
726	0.452292485	32	AK
727	0.521487661	37	AK
728	0.458006169	470	AK
729	0.439673303	70	AK
730	0.462843522	39	AK
731	0.508342681	17	AK
732	0.300336511	16	AK
733	0.288558609	5	AK
734	0.309029725	22	AK
735	0.313656758	12	AK
736	0.16261217	9	AK
737	0.200049075	32	AK
738	0.440935222	0	AK
739	0.373808188	53	AK
740	0.447314919	19	AK
741	0.516930735	24	AK
742	0.453694616	457	AK
743	0.440584689	57	AK
744	0.458076276	26	AK
745	0.517351374	4	AK
746	0.297707515	29	AK
747	0.286876052	8	AK
748	0.307767807	35	AK
749	0.314147504	25	AK
750	0.186238082	23	AK
751	0.444580763	9	AK
752	0.370758553	44	AK
753	0.445562255	28	AK
754	0.516019349	33	AK
755	0.459653674	466	AK
756	0.435642176	66	AK
757	0.457865956	35	AK
758	0.511287156	13	AK
759	0.305138811	20	AK
760	0.287892597	1	AK
761	0.315549635	26	AK
762	0.309204992	16	AK
763	0.456043186	32	AK
764	0.384254066	21	AK
765	0.455692653	51	AK
766	0.526009534	56	AK
767	0.466489063	489	AK
768	0.44882221	89	AK
769	0.47073051	58	AK
770	0.516545149	36	AK
771	0.314147504	3	AK
772	0.304087213	24	AK
773	0.317547672	3	AK
774	0.324558329	7	AK
775	0.289224621	53	AK
776	0.262934661	19	AK
777	0.303876893	24	AK
778	0.272854739	457	AK
779	0.264862591	57	AK
780	0.319580763	26	AK
781	0.348920359	4	AK
782	0.417379417	29	AK
783	0.454185362	8	AK
784	0.473674986	35	AK
785	0.447525238	25	AK
786	0.329535895	72	AK
787	0.376752664	77	AK
788	0.342330342	510	AK
789	0.27425687	110	AK
790	0.322840718	79	AK
791	0.33290101	57	AK
792	0.363222098	24	AK
793	0.361189007	45	AK
794	0.364519069	18	AK
795	0.35298654	28	AK
796	0.283581043	5	AK
797	0.28109226	438	AK
798	0.239063376	38	AK
799	0.311343242	7	AK
800	0.345415031	15	AK
801	0.413313236	48	AK
802	0.460600112	27	AK
803	0.480300056	54	AK
804	0.45075014	44	AK
805	0.279760236	433	AK
806	0.27019069	33	AK
807	0.310537016	2	AK
808	0.358139372	20	AK
809	0.480194896	53	AK
810	0.526780707	32	AK
811	0.541783511	59	AK
812	0.52201346	49	AK
813	0.237906618	400	AK
814	0.309134885	431	AK
815	0.360312675	453	AK
816	0.420919798	486	AK
817	0.462422883	465	AK
818	0.478652552	492	AK
819	0.452117218	482	AK
820	0.257045709	31	AK
821	0.275974481	53	AK
822	0.402236399	86	AK
823	0.431575996	65	AK
824	0.450574874	92	AK
825	0.422041503	82	AK
826	0.339981772	22	AK
827	0.432872967	55	AK
828	0.466313797	34	AK
829	0.484962142	61	AK
830	0.460004206	51	AK
831	0.4551318	33	AK
832	0.45748037	12	AK
833	0.465016826	39	AK
834	0.445351935	29	AK
835	0.257150869	21	AK
836	0.290837072	6	AK
837	0.269840157	4	AK
838	0.204395681	27	AK
839	0.191706394	17	AK
840	0.222202748	10	AK
841	0.171761077	0.9855	NO3
842	0.186273135	1.2585	NO3
843	0.190514582	2.766	NO3
844	0.446333427	3.8965	NO3
845	0.370793606	0.7225	NO3
846	0.452292485	2.012	NO3
847	0.521487661	4.476	NO3
848	0.458006169	5.277	NO3
849	0.439673303	4.96	NO3
850	0.462843522	2.916	NO3
851	0.508342681	2.592	NO3
852	0.300336511	0.1545	NO3
853	0.288558609	4.935	NO3
854	0.309029725	1.935	NO3
855	0.313656758	2.7835	NO3
856	0.16261217	0.273	NO3
857	0.200049075	1.7805	NO3
858	0.440935222	2.911	NO3
859	0.373808188	0.263	NO3
860	0.447314919	1.0265	NO3
861	0.516930735	3.4905	NO3
862	0.453694616	4.2915	NO3
863	0.440584689	3.9745	NO3
864	0.458076276	1.9305	NO3
865	0.517351374	1.6065	NO3
866	0.297707515	0.831	NO3
867	0.286876052	3.9495	NO3
868	0.307767807	0.9495	NO3
869	0.314147504	1.798	NO3
870	0.186238082	1.5075	NO3
871	0.444580763	2.638	NO3
872	0.370758553	0.536	NO3
873	0.445562255	0.7535	NO3
874	0.516019349	3.2175	NO3
875	0.459653674	4.0185	NO3
876	0.435642176	3.7015	NO3
877	0.457865956	1.6575	NO3
878	0.511287156	1.3335	NO3
879	0.305138811	1.104	NO3
880	0.287892597	3.6765	NO3
881	0.315549635	0.6765	NO3
882	0.309204992	1.525	NO3
883	0.456043186	1.1305	NO3
884	0.384254066	2.0435	NO3
885	0.455692653	0.754	NO3
886	0.526009534	1.71	NO3
887	0.466489063	2.511	NO3
888	0.44882221	2.194	NO3
889	0.47073051	0.15	NO3
890	0.516545149	0.174	NO3
891	0.314147504	2.6115	NO3
892	0.304087213	2.169	NO3
893	0.317547672	0.831	NO3
894	0.324558329	0.0175	NO3
895	0.289224621	3.174	NO3
896	0.262934661	1.8845	NO3
897	0.303876893	0.5795	NO3
898	0.272854739	1.3805	NO3
899	0.264862591	1.0635	NO3
900	0.319580763	0.9805	NO3
901	0.348920359	1.3045	NO3
902	0.417379417	3.742	NO3
903	0.454185362	1.0385	NO3
904	0.473674986	1.9615	NO3
905	0.447525238	1.113	NO3
906	0.329535895	1.2895	NO3
907	0.376752664	3.7535	NO3
908	0.342330342	4.5545	NO3
909	0.27425687	4.2375	NO3
910	0.322840718	2.1935	NO3
911	0.33290101	1.8695	NO3
912	0.363222098	0.568	NO3
913	0.361189007	4.2125	NO3
914	0.364519069	1.2125	NO3
915	0.35298654	2.061	NO3
916	0.283581043	2.464	NO3
917	0.28109226	3.265	NO3
918	0.239063376	2.948	NO3
919	0.311343242	0.904	NO3
920	0.345415031	0.58	NO3
921	0.413313236	1.8575	NO3
922	0.460600112	2.923	NO3
923	0.480300056	0.077	NO3
924	0.45075014	0.7715	NO3
925	0.279760236	0.801	NO3
926	0.27019069	0.484	NO3
927	0.310537016	1.56	NO3
928	0.358139372	1.884	NO3
929	0.480194896	4.3215	NO3
930	0.526780707	0.459	NO3
931	0.541783511	2.541	NO3
932	0.52201346	1.6925	NO3
933	0.237906618	0.317	NO3
934	0.309134885	2.361	NO3
935	0.360312675	2.685	NO3
936	0.420919798	5.1225	NO3
937	0.462422883	0.342	NO3
938	0.478652552	3.342	NO3
939	0.452117218	2.4935	NO3
940	0.257045709	2.044	NO3
941	0.275974481	2.368	NO3
942	0.402236399	4.8055	NO3
943	0.431575996	0.025	NO3
944	0.450574874	3.025	NO3
945	0.422041503	2.1765	NO3
946	0.339981772	0.324	NO3
947	0.432872967	2.7615	NO3
948	0.466313797	2.019	NO3
949	0.484962142	0.981	NO3
950	0.460004206	0.1325	NO3
951	0.4551318	2.4375	NO3
952	0.45748037	2.343	NO3
953	0.465016826	0.657	NO3
954	0.445351935	0.1915	NO3
955	0.257150869	4.7805	NO3
956	0.290837072	1.7805	NO3
957	0.269840157	2.629	NO3
958	0.204395681	3	NO3
959	0.191706394	2.1515	NO3
960	0.222202748	0.8485	NO3
961	0.171761077	1.29155404	TK
962	0.186273135	0.49260922	TK
963	0.190514582	0.43	TK
964	0.446333427	0.36847316	TK
965	0.370793606	0.34694451	TK
966	0.452292485	1.21796392	TK
967	0.521487661	1.01318763	TK
968	0.458006169	0.65944454	TK
969	0.439673303	0.54420436	TK
970	0.462843522	1.14436006	TK
971	0.508342681	0.3107794	TK
972	0.300336511	0.43031952	TK
973	0.288558609	1.25691346	TK
974	0.309029725	1.66434565	TK
975	0.313656758	0.71119815	TK
976	0.16261217	1.78416326	TK
977	0.200049075	1.72155404	TK
978	0.440935222	1.6600272	TK
979	0.373808188	0.94460953	TK
980	0.447314919	2.50951796	TK
981	0.516930735	0.27836641	TK
982	0.453694616	1.95099858	TK
983	0.440584689	1.8357584	TK
984	0.458076276	2.4359141	TK
985	0.517351374	1.60233344	TK
986	0.297707515	1.72187356	TK
987	0.286876052	2.5484675	TK
988	0.307767807	2.95589969	TK
989	0.314147504	2.00275219	TK
990	0.186238082	0.06260922	TK
991	0.444580763	0.12413606	TK
992	0.370758553	0.83955373	TK
993	0.445562255	0.7253547	TK
994	0.516019349	1.50579685	TK
995	0.459653674	0.16683532	TK
996	0.435642176	0.05159514	TK
997	0.457865956	0.65175084	TK
998	0.511287156	0.18182982	TK
999	0.305138811	0.0622897	TK
1000	0.287892597	0.76430424	TK
1001	0.315549635	1.17173643	TK
1002	0.309204992	0.21858893	TK
1003	0.456043186	0.06152684	TK
1004	0.384254066	0.77694451	TK
1005	0.455692653	0.78796392	TK
1006	0.526009534	1.44318763	TK
1007	0.466489063	0.22944454	TK
1008	0.44882221	0.11420436	TK
1009	0.47073051	0.71436006	TK
1010	0.516545149	0.1192206	TK
1011	0.314147504	0.00031952	TK
1012	0.304087213	0.82691346	TK
1013	0.317547672	1.23434565	TK
1014	0.324558329	0.28119815	TK
1015	0.289224621	0.71541767	TK
1016	0.262934661	0.84949076	TK
1017	0.303876893	1.38166079	TK
1018	0.272854739	0.29097138	TK
1019	0.264862591	0.1757312	TK
1020	0.319580763	0.7758869	TK
1021	0.348920359	0.05769376	TK
1022	0.417379417	0.06184636	TK
1023	0.454185362	0.8884403	TK
1024	0.473674986	1.29587249	TK
1025	0.447525238	0.34272499	TK
1026	0.329535895	1.56490843	TK
1027	0.376752664	0.66624312	TK
1028	0.342330342	1.00638905	TK
1029	0.27425687	0.89114887	TK
1030	0.322840718	1.49130457	TK
1031	0.33290101	0.65772391	TK
1032	0.363222098	0.77726403	TK
1033	0.361189007	1.60385797	TK
1034	0.364519069	2.01129016	TK
1035	0.35298654	1.05814266	TK
1036	0.283581043	2.23115155	TK
1037	0.28109226	0.55851938	TK
1038	0.239063376	0.67375956	TK
1039	0.311343242	0.07360386	TK
1040	0.345415031	0.90718452	TK
1041	0.413313236	0.7876444	TK
1042	0.460600112	0.03894954	TK
1043	0.480300056	0.44638173	TK
1044	0.45075014	0.50676577	TK
1045	0.279760236	1.67263217	TK
1046	0.27019069	1.55739199	TK
1047	0.310537016	2.15754769	TK
1048	0.358139372	1.32396703	TK
1049	0.480194896	1.44350715	TK
1050	0.526780707	2.27010109	TK
1051	0.541783511	2.67753328	TK
1052	0.52201346	1.72438578	TK
1053	0.237906618	0.11524018	TK
1054	0.309134885	0.48491552	TK
1055	0.360312675	0.34866514	TK
1056	0.420919798	0.22912502	TK
1057	0.462422883	0.59746892	TK
1058	0.478652552	1.00490111	TK
1059	0.452117218	0.05175361	TK
1060	0.257045709	0.6001557	TK
1061	0.275974481	0.23342496	TK
1062	0.402236399	0.11388484	TK
1063	0.431575996	0.7127091	TK
1064	0.450574874	1.12014129	TK
1065	0.422041503	0.16699379	TK
1066	0.339981772	0.83358066	TK
1067	0.432872967	0.71404054	TK
1068	0.466313797	0.1125534	TK
1069	0.484962142	0.51998559	TK
1070	0.460004206	0.43316191	TK
1071	0.4551318	0.11954012	TK
1072	0.45748037	0.94613406	TK
1073	0.465016826	1.35356625	TK
1074	0.445351935	0.40041875	TK
1075	0.257150869	0.82659394	TK
1076	0.290837072	1.23402613	TK
1077	0.269840157	0.28087863	TK
1078	0.204395681	0.40743219	TK
1079	0.191706394	0.54571531	TK
1080	0.222202748	0.9531475	TK
1081	0.171761077	0.14	pH
1082	0.186273135	0.25	pH
1083	0.190514582	0.08	pH
1084	0.446333427	0.09	pH
1085	0.370793606	0.42	pH
1086	0.452292485	0.25	pH
1087	0.521487661	0.19	pH
1088	0.458006169	0.06	pH
1089	0.439673303	0.24	pH
1090	0.462843522	0.14	pH
1091	0.508342681	0.13	pH
1092	0.300336511	0.07	pH
1093	0.288558609	0.05	pH
1094	0.309029725	0.07	pH
1095	0.313656758	0.13	pH
1096	0.16261217	0.11	pH
1097	0.200049075	0.06	pH
1098	0.440935222	0.05	pH
1099	0.373808188	0.28	pH
1100	0.447314919	0.11	pH
1101	0.516930735	0.05	pH
1102	0.453694616	0.2	pH
1103	0.440584689	0.38	pH
1104	0.458076276	0.28	pH
1105	0.517351374	0.27	pH
1106	0.297707515	0.07	pH
1107	0.286876052	0.19	pH
1108	0.307767807	0.21	pH
1109	0.314147504	0.01	pH
1110	0.186238082	0.17	pH
1111	0.444580763	0.16	pH
1112	0.370758553	0.17	pH
1113	0.445562255	0	pH
1114	0.516019349	0.06	pH
1115	0.459653674	0.31	pH
1116	0.435642176	0.49	pH
1117	0.457865956	0.39	pH
1118	0.511287156	0.38	pH
1119	0.305138811	0.18	pH
1120	0.287892597	0.3	pH
1121	0.315549635	0.32	pH
1122	0.309204992	0.12	pH
1123	0.456043186	0.01	pH
1124	0.384254066	0.34	pH
1125	0.455692653	0.17	pH
1126	0.526009534	0.11	pH
1127	0.466489063	0.14	pH
1128	0.44882221	0.32	pH
1129	0.47073051	0.22	pH
1130	0.516545149	0.21	pH
1131	0.314147504	0.01	pH
1132	0.304087213	0.13	pH
1133	0.317547672	0.15	pH
1134	0.324558329	0.05	pH
1135	0.289224621	0.33	pH
1136	0.262934661	0.16	pH
1137	0.303876893	0.1	pH
1138	0.272854739	0.15	pH
1139	0.264862591	0.33	pH
1140	0.319580763	0.23	pH
1141	0.348920359	0.22	pH
1142	0.417379417	0.02	pH
1143	0.454185362	0.14	pH
1144	0.473674986	0.16	pH
1145	0.447525238	0.04	pH
1146	0.329535895	0.17	pH
1147	0.376752664	0.23	pH
1148	0.342330342	0.48	pH
1149	0.27425687	0.66	pH
1150	0.322840718	0.56	pH
1151	0.33290101	0.55	pH
1152	0.363222098	0.35	pH
1153	0.361189007	0.47	pH
1154	0.364519069	0.49	pH
1155	0.35298654	0.29	pH
1156	0.283581043	0.06	pH
1157	0.28109226	0.31	pH
1158	0.239063376	0.49	pH
1159	0.311343242	0.39	pH
1160	0.345415031	0.38	pH
1161	0.413313236	0.18	pH
1162	0.460600112	0.3	pH
1163	0.480300056	0.32	pH
1164	0.45075014	0.12	pH
1165	0.279760236	0.25	pH
1166	0.27019069	0.43	pH
1167	0.310537016	0.33	pH
1168	0.358139372	0.32	pH
1169	0.480194896	0.12	pH
1170	0.526780707	0.24	pH
1171	0.541783511	0.26	pH
1172	0.52201346	0.06	pH
1173	0.237906618	0.18	pH
1174	0.309134885	0.08	pH
1175	0.360312675	0.07	pH
1176	0.420919798	0.13	pH
1177	0.462422883	0.01	pH
1178	0.478652552	0.01	pH
1179	0.452117218	0.19	pH
1180	0.257045709	0.1	pH
1181	0.275974481	0.11	pH
1182	0.402236399	0.31	pH
1183	0.431575996	0.19	pH
1184	0.450574874	0.17	pH
1185	0.422041503	0.37	pH
1186	0.339981772	0.01	pH
1187	0.432872967	0.21	pH
1188	0.466313797	0.09	pH
1189	0.484962142	0.07	pH
1190	0.460004206	0.27	pH
1191	0.4551318	0.2	pH
1192	0.45748037	0.08	pH
1193	0.465016826	0.06	pH
1194	0.445351935	0.26	pH
1195	0.257150869	0.12	pH
1196	0.290837072	0.14	pH
1197	0.269840157	0.06	pH
1198	0.204395681	0.02	pH
1199	0.191706394	0.18	pH
1200	0.222202748	0.2	pH
